[-0.74       -0.49       -0.65        0.96       -0.33813947 -0.33802309
 -0.33713666 -0.22931008  2.47658908  0.64555041 -1.02235932 -0.87020322
 -0.028541    0.69595321  0.35832984  0.79        0.017     ]
nucleon_scattering_total_loss = 566239.8115008683    pnm_energy = 15.6762247088
saturation_dens = 0.18574574574574576    saturation_energy = -15.028934320667362
H2_BE = -2.159407094    H2_R = 1.98195944    H2_Q = 0.277297965    H2_D = 3.735704831
H3_BE = -8.531617306    H3_R = 1.573359131    He3_BE = -7.730926004    He3_R = 1.759035336
He4_BE = -28.289246936    He4_R = 1.45389761
K0 = 253.13808225971104    ddf = 815.2245034965176


H2 BINDING ENERGY        =     -2.210297970 MeV
           target        =     -2.224575000 MeV
            error        =      2.224575000 MeV
          residual       =      0.006417869
H2 STRUCT RADIUS         =      1.976820144 fm
           target        =      1.975350000 fm
            error        =      1.975350000 fm
          residual       =      0.000744245
H2 QUADRUPOLE MOMENT     =      0.265992073 fm2
           target        =      0.270000000 fm2
            error        =      0.270000000 fm2
          residual       =     -0.014844174
H2 D-STATE PROBABILITY   =      3.146574259 %
H3 BINDING ENERGY        =     -8.477953958 MeV
           target        =     -8.481795000 MeV
            error        =      0.050890770 MeV
          residual       =      0.075476210
H3 POINT-P RADIUS        =      1.589734962  fm
           target        =      1.587000000  fm
            error        =      0.009522000  fm
          residual       =      0.287225612
He3 BINDING ENERGY       =     -7.719565797 MeV
           target        =     -7.718040000 MeV
            error        =      0.046308240 MeV
          residual       =     -0.032948704
He3 POINT-P RADIUS       =      1.773016253  fm
           target        =      1.770000000  fm
            error        =      0.010620000  fm
          residual       =      0.284016323
He4 BINDING ENERGY       =    -28.286201945 MeV
           target        =    -28.295660000 MeV
            error        =      0.169773960 MeV
          residual       =      0.055709693
He4 POINT-P RADIUS       =      1.458749205 fm
           target        =      1.455000000 fm
            error        =      0.008730000 fm
          residual       =      0.429462220







